6 0.214338 0.788889 0.125735 0.166013
6 0.248897 0.814379 0.130147 0.183007
6 0.312132 0.862092 0.140441 0.275817
6 0.393382 0.87451 0.154412 0.25098
6 0.5 0.89085 0.123529 0.213072
6 0.602206 0.90915 0.091176 0.181699
6 0.722426 0.921569 0.106618 0.156863
6 0.805515 0.930719 0.091912 0.133333
6 0.438235 0.522876 0.086765 0.096732
6 0.471324 0.505229 0.077941 0.087582
6 0.502574 0.48366 0.0875 0.086275
6 0.530515 0.459477 0.090441 0.079739
6 0.572059 0.445752 0.086765 0.081046
6 0.605515 0.430065 0.074265 0.078431
6 0.627574 0.398693 0.077206 0.104575
6 0.651838 0.387582 0.077206 0.103268
6 0.676838 0.37451 0.071324 0.105882
6 0.704412 0.369935 0.069118 0.078431
6 0.728309 0.362092 0.063971 0.075817
6 0.748529 0.355556 0.064706 0.060131
6 0.762132 0.35098 0.066912 0.061438
6 0.773897 0.34183 0.074265 0.048366
5 0.826838 0.326797 0.034559 0.047059
5 0.8125 0.335294 0.032353 0.05098
6 0.834559 0.318301 0.048529 0.05098
6 0.844485 0.315033 0.058088 0.049673
6 0.853309 0.295425 0.065441 0.070588
6 0.865441 0.285621 0.064706 0.07451
6 0.88125 0.276471 0.058088 0.064052
6 0.938971 0.266013 0.055882 0.05098
6 0.951471 0.261438 0.054412 0.047059
6 0.959191 0.245752 0.059559 0.060131
6 0.969853 0.236601 0.058824 0.060131
6 0.982353 0.237255 0.035294 0.045752
4 0.509559 0.365359 0.055882 0.048366
11 0.147794 0.391503 0.116176 0.11634
6 0.65 0.59281 0.101471 0.113725
6 0.690074 0.569281 0.100735 0.113725
6 0.720588 0.543137 0.107353 0.103268
6 0.754412 0.527451 0.101471 0.103268
6 0.766912 0.477124 0.067647 0.08366
6 0.808824 0.498693 0.082353 0.105882
6 0.856618 0.537255 0.088235 0.101961
6 0.907721 0.568627 0.094853 0.109804
4 0.958088 0.607843 0.083824 0.12549
6 0.930515 0.362745 0.077206 0.079739
6 0.957721 0.452941 0.084559 0.100654
6 0.973162 0.378431 0.052206 0.058824
5 0.985662 0.354902 0.028676 0.05098
6 0.656618 0.300654 0.058824 0.065359
6 0.682721 0.298693 0.049265 0.053595
6 0.707353 0.288235 0.055882 0.056209
6 0.732353 0.281699 0.055882 0.056209
6 0.75625 0.27451 0.063971 0.060131
6 0.778309 0.245098 0.069853 0.09281
6 0.797059 0.249673 0.047059 0.057516
6 0.875368 0.231373 0.050735 0.039216
6 0.888971 0.223529 0.055882 0.04183
11 0.904779 0.213725 0.046324 0.045752
6 0.214338 0.788889 0.125735 0.166013
6 0.248897 0.814379 0.130147 0.183007
6 0.312132 0.862092 0.140441 0.275817
6 0.393382 0.87451 0.154412 0.25098
6 0.5 0.89085 0.123529 0.213072
6 0.602206 0.90915 0.091176 0.181699
6 0.722426 0.921569 0.106618 0.156863
6 0.805515 0.930719 0.091912 0.133333
6 0.438235 0.522876 0.086765 0.096732
6 0.471324 0.505229 0.077941 0.087582
6 0.502574 0.48366 0.0875 0.086275
6 0.530515 0.459477 0.090441 0.079739
6 0.572059 0.445752 0.086765 0.081046
6 0.605515 0.430065 0.074265 0.078431
6 0.627574 0.398693 0.077206 0.104575
6 0.651838 0.387582 0.077206 0.103268
6 0.676838 0.37451 0.071324 0.105882
6 0.704412 0.369935 0.069118 0.078431
6 0.728309 0.362092 0.063971 0.075817
6 0.748529 0.355556 0.064706 0.060131
6 0.762132 0.35098 0.066912 0.061438
6 0.773897 0.34183 0.074265 0.048366
5 0.826838 0.326797 0.034559 0.047059
5 0.8125 0.335294 0.032353 0.05098
6 0.834559 0.318301 0.048529 0.05098
6 0.844485 0.315033 0.058088 0.049673
6 0.853309 0.295425 0.065441 0.070588
6 0.865441 0.285621 0.064706 0.07451
6 0.88125 0.276471 0.058088 0.064052
6 0.938971 0.266013 0.055882 0.05098
6 0.951471 0.261438 0.054412 0.047059
6 0.959191 0.245752 0.059559 0.060131
6 0.969853 0.236601 0.058824 0.060131
6 0.982353 0.237255 0.035294 0.045752
4 0.509559 0.365359 0.055882 0.048366
11 0.147794 0.391503 0.116176 0.11634
6 0.65 0.59281 0.101471 0.113725
6 0.690074 0.569281 0.100735 0.113725
6 0.720588 0.543137 0.107353 0.103268
6 0.754412 0.527451 0.101471 0.103268
6 0.766912 0.477124 0.067647 0.08366
6 0.808824 0.498693 0.082353 0.105882
6 0.856618 0.537255 0.088235 0.101961
6 0.907721 0.568627 0.094853 0.109804
4 0.958088 0.607843 0.083824 0.12549
6 0.930515 0.362745 0.077206 0.079739
6 0.957721 0.452941 0.084559 0.100654
6 0.973162 0.378431 0.052206 0.058824
5 0.985662 0.354902 0.028676 0.05098
6 0.656618 0.300654 0.058824 0.065359
6 0.682721 0.298693 0.049265 0.053595
6 0.707353 0.288235 0.055882 0.056209
6 0.732353 0.281699 0.055882 0.056209
6 0.75625 0.27451 0.063971 0.060131
6 0.778309 0.245098 0.069853 0.09281
6 0.797059 0.249673 0.047059 0.057516
6 0.875368 0.231373 0.050735 0.039216
6 0.888971 0.223529 0.055882 0.04183
11 0.904779 0.213725 0.046324 0.045752
