4 0.058456 0.611111 0.105147 0.150327
6 0.176838 0.936601 0.230147 0.124183
6 0.207721 0.837255 0.203676 0.147712
6 0.254412 0.736601 0.182353 0.137255
6 0.290809 0.659477 0.158088 0.124183
6 0.309926 0.572549 0.146324 0.154248
6 0.328676 0.519608 0.139706 0.142484
6 0.346324 0.469281 0.129412 0.141176
6 0.36875 0.441176 0.115441 0.103268
6 0.384926 0.405229 0.108088 0.091503
6 0.387868 0.371895 0.118382 0.090196
6 0.40625 0.34183 0.100735 0.082353
6 0.419853 0.319608 0.089706 0.061438
6 0.427941 0.294771 0.088235 0.058824
6 0.436397 0.27451 0.086029 0.060131
6 0.442279 0.247059 0.086029 0.065359
6 0.451103 0.229412 0.080147 0.053595
6 0.457353 0.204575 0.075 0.079739
6 0.459926 0.183007 0.078676 0.078431
6 0.469485 0.171895 0.068382 0.07451
6 0.24375 0.330719 0.096324 0.101961
6 0.266176 0.304575 0.085294 0.070588
6 0.290809 0.271242 0.094853 0.077124
6 0.311029 0.242484 0.088235 0.071895
6 0.333824 0.214379 0.089706 0.065359
6 0.351471 0.166667 0.092647 0.11634
6 0.361397 0.155556 0.078676 0.081046
6 0.417647 0.098693 0.054412 0.05098
6 0.422794 0.086928 0.058824 0.053595
11 0.435662 0.062745 0.047794 0.057516
11 0.867647 0.409804 0.094118 0.197386
6 0.972059 0.437255 0.054412 0.134641
6 0.717279 0.401961 0.138971 0.134641
6 0.584191 0.282353 0.044853 0.115033
6 0.641544 0.286275 0.0375 0.094118
4 0.630882 0.235948 0.069118 0.058824
6 0.591912 0.922876 0.191176 0.154248
6 0.591544 0.815033 0.177206 0.152941
6 0.598162 0.732026 0.171324 0.138562
6 0.559559 0.613725 0.066176 0.181699
6 0.630147 0.624183 0.063235 0.186928
6 0.703309 0.64183 0.069853 0.183007
6 0.775368 0.65098 0.074265 0.188235
6 0.855515 0.678431 0.088971 0.211765
6 0.944118 0.702614 0.110294 0.262745
6 0.495588 0.122222 0.060294 0.05098
6 0.5 0.109804 0.061765 0.04183
6 0.503309 0.090196 0.059559 0.054902
6 0.650368 0.111765 0.025735 0.071895
4 0.644118 0.067974 0.041176 0.033987
5 0.644118 0.052288 0.042647 0.028758
6 0.506618 0.078431 0.060294 0.060131
5 0.522059 0.068627 0.044118 0.043137
5 0.526103 0.060784 0.040441 0.043137
5 0.530882 0.050327 0.042647 0.037908
5 0.53125 0.041176 0.041912 0.037908
5 0.534926 0.036601 0.043382 0.039216
4 0.63125 0.028758 0.040441 0.028758
4 0.641912 0.016993 0.041176 0.033987
5 0.537132 0.02549 0.036029 0.03268
5 0.538603 0.017647 0.041912 0.030065
4 0.542279 0.012418 0.0375 0.024837
4 0.058456 0.611111 0.105147 0.150327
6 0.176838 0.936601 0.230147 0.124183
6 0.207721 0.837255 0.203676 0.147712
6 0.254412 0.736601 0.182353 0.137255
6 0.290809 0.659477 0.158088 0.124183
6 0.309926 0.572549 0.146324 0.154248
6 0.328676 0.519608 0.139706 0.142484
6 0.346324 0.469281 0.129412 0.141176
6 0.36875 0.441176 0.115441 0.103268
6 0.384926 0.405229 0.108088 0.091503
6 0.387868 0.371895 0.118382 0.090196
6 0.40625 0.34183 0.100735 0.082353
6 0.419853 0.319608 0.089706 0.061438
6 0.427941 0.294771 0.088235 0.058824
6 0.436397 0.27451 0.086029 0.060131
6 0.442279 0.247059 0.086029 0.065359
6 0.451103 0.229412 0.080147 0.053595
6 0.457353 0.204575 0.075 0.079739
6 0.459926 0.183007 0.078676 0.078431
6 0.469485 0.171895 0.068382 0.07451
6 0.24375 0.330719 0.096324 0.101961
6 0.266176 0.304575 0.085294 0.070588
6 0.290809 0.271242 0.094853 0.077124
6 0.311029 0.242484 0.088235 0.071895
6 0.333824 0.214379 0.089706 0.065359
6 0.351471 0.166667 0.092647 0.11634
6 0.361397 0.155556 0.078676 0.081046
6 0.417647 0.098693 0.054412 0.05098
6 0.422794 0.086928 0.058824 0.053595
11 0.435662 0.062745 0.047794 0.057516
11 0.867647 0.409804 0.094118 0.197386
6 0.972059 0.437255 0.054412 0.134641
6 0.717279 0.401961 0.138971 0.134641
6 0.584191 0.282353 0.044853 0.115033
6 0.641544 0.286275 0.0375 0.094118
4 0.630882 0.235948 0.069118 0.058824
6 0.591912 0.922876 0.191176 0.154248
6 0.591544 0.815033 0.177206 0.152941
6 0.598162 0.732026 0.171324 0.138562
6 0.559559 0.613725 0.066176 0.181699
6 0.630147 0.624183 0.063235 0.186928
6 0.703309 0.64183 0.069853 0.183007
6 0.775368 0.65098 0.074265 0.188235
6 0.855515 0.678431 0.088971 0.211765
6 0.944118 0.702614 0.110294 0.262745
6 0.495588 0.122222 0.060294 0.05098
6 0.5 0.109804 0.061765 0.04183
6 0.503309 0.090196 0.059559 0.054902
6 0.650368 0.111765 0.025735 0.071895
4 0.644118 0.067974 0.041176 0.033987
5 0.644118 0.052288 0.042647 0.028758
6 0.506618 0.078431 0.060294 0.060131
5 0.522059 0.068627 0.044118 0.043137
5 0.526103 0.060784 0.040441 0.043137
5 0.530882 0.050327 0.042647 0.037908
5 0.53125 0.041176 0.041912 0.037908
5 0.534926 0.036601 0.043382 0.039216
4 0.63125 0.028758 0.040441 0.028758
4 0.641912 0.016993 0.041176 0.033987
5 0.537132 0.02549 0.036029 0.03268
5 0.538603 0.017647 0.041912 0.030065
4 0.542279 0.012418 0.0375 0.024837
