4 0.376563 0.419444 0.042708 0.031481
4 0.420312 0.417593 0.042708 0.031481
4 0.475 0.412963 0.039583 0.02963
4 0.213021 0.432407 0.044792 0.031481
4 0.245833 0.582407 0.058333 0.042593
4 0.269792 0.426852 0.04375 0.031481
4 0.408854 0.52963 0.051042 0.037037
4 0.576562 0.406481 0.038542 0.027778
4 0.578125 0.389815 0.035417 0.024074
4 0.654687 0.397222 0.038542 0.031481
4 0.705208 0.396296 0.039583 0.025926
4 0.753646 0.392593 0.038542 0.025926
4 0.799479 0.390741 0.038542 0.025926
10 0.826042 0.485185 0.016667 0.018519
4 0.903646 0.386111 0.036458 0.024074
4 0.960938 0.50463 0.053125 0.038889
4 0.990104 0.382407 0.019792 0.024074
0 0.048958 0.251852 0.01875 0.014815
2 0.509375 0.384259 0.00625 0.02037
2 0.826562 0.477778 0.009375 0.022222
1 0.065104 0.572222 0.009375 0.033333
1 0.518229 0.383333 0.005208 0.025926
1 0.586979 0.378704 0.005208 0.02037
1 0.664062 0.310185 0.005208 0.02037
1 0.866146 0.300926 0.005208 0.02037
1 0.323958 0.327778 0.00625 0.022222
1 0.402604 0.324074 0.007292 0.025926
1 0.396875 0.287037 0.00625 0.018519
0 0.011458 0.22963 0.014583 0.025926
0 0.046354 0.216667 0.007292 0.014815
0 0.076563 0.25 0.048958 0.066667
0 0.093229 0.305556 0.036458 0.025926
0 0.126562 0.215741 0.076042 0.042593
0 0.127604 0.251852 0.044792 0.025926
0 0.183333 0.219444 0.029167 0.024074
1 0.175 0.237963 0.004167 0.02037
0 0.182292 0.300926 0.077083 0.02037
0 0.246354 0.223148 0.038542 0.057407
1 0.214062 0.222222 0.005208 0.018519
0 0.2 0.242593 0.004167 0.011111
0 0.275 0.230556 0.01875 0.094444
0 0.307812 0.242593 0.032292 0.025926
0 0.338021 0.288889 0.090625 0.018519
0 0.385417 0.225926 0.047917 0.040741
0 0.350521 0.252778 0.021875 0.05
0 0.43125 0.287037 0.058333 0.018519
0 0.484896 0.282407 0.023958 0.027778
5 0.027604 0.45 0.051042 0.037037
7 0.055208 0.576852 0.03125 0.02037
5 0.139063 0.437963 0.046875 0.031481
5 0.322917 0.42037 0.041667 0.033333
5 0.526042 0.406481 0.0375 0.031481
5 0.536979 0.514815 0.044792 0.037037
5 0.654687 0.530556 0.048958 0.038889
5 0.703125 0.526852 0.052083 0.042593
5 0.860417 0.385185 0.0375 0.02963
5 0.95 0.380556 0.0375 0.031481
4 0.376563 0.419444 0.042708 0.031481
4 0.420312 0.417593 0.042708 0.031481
4 0.475 0.412963 0.039583 0.02963
4 0.213021 0.432407 0.044792 0.031481
4 0.245833 0.582407 0.058333 0.042593
4 0.269792 0.426852 0.04375 0.031481
4 0.408854 0.52963 0.051042 0.037037
4 0.576562 0.406481 0.038542 0.027778
4 0.578125 0.389815 0.035417 0.024074
4 0.654687 0.397222 0.038542 0.031481
4 0.705208 0.396296 0.039583 0.025926
4 0.753646 0.392593 0.038542 0.025926
4 0.799479 0.390741 0.038542 0.025926
10 0.826042 0.485185 0.016667 0.018519
4 0.903646 0.386111 0.036458 0.024074
4 0.960938 0.50463 0.053125 0.038889
4 0.990104 0.382407 0.019792 0.024074
0 0.048958 0.251852 0.01875 0.014815
2 0.509375 0.384259 0.00625 0.02037
2 0.826562 0.477778 0.009375 0.022222
1 0.065104 0.572222 0.009375 0.033333
1 0.518229 0.383333 0.005208 0.025926
1 0.586979 0.378704 0.005208 0.02037
1 0.664062 0.310185 0.005208 0.02037
1 0.866146 0.300926 0.005208 0.02037
1 0.323958 0.327778 0.00625 0.022222
1 0.402604 0.324074 0.007292 0.025926
1 0.396875 0.287037 0.00625 0.018519
0 0.011458 0.22963 0.014583 0.025926
0 0.046354 0.216667 0.007292 0.014815
0 0.076563 0.25 0.048958 0.066667
0 0.093229 0.305556 0.036458 0.025926
0 0.126562 0.215741 0.076042 0.042593
0 0.127604 0.251852 0.044792 0.025926
0 0.183333 0.219444 0.029167 0.024074
1 0.175 0.237963 0.004167 0.02037
0 0.182292 0.300926 0.077083 0.02037
0 0.246354 0.223148 0.038542 0.057407
1 0.214062 0.222222 0.005208 0.018519
0 0.2 0.242593 0.004167 0.011111
0 0.275 0.230556 0.01875 0.094444
0 0.307812 0.242593 0.032292 0.025926
0 0.338021 0.288889 0.090625 0.018519
0 0.385417 0.225926 0.047917 0.040741
0 0.350521 0.252778 0.021875 0.05
0 0.43125 0.287037 0.058333 0.018519
0 0.484896 0.282407 0.023958 0.027778
5 0.027604 0.45 0.051042 0.037037
7 0.055208 0.576852 0.03125 0.02037
5 0.139063 0.437963 0.046875 0.031481
5 0.322917 0.42037 0.041667 0.033333
5 0.526042 0.406481 0.0375 0.031481
5 0.536979 0.514815 0.044792 0.037037
5 0.654687 0.530556 0.048958 0.038889
5 0.703125 0.526852 0.052083 0.042593
5 0.860417 0.385185 0.0375 0.02963
5 0.95 0.380556 0.0375 0.031481
