0 0.435937 0.839815 0.176042 0.17963
0 0.626042 0.630556 0.127083 0.087037
0 0.559896 0.687037 0.136458 0.092593
0 0.497396 0.74537 0.171875 0.083333
0 0.665625 0.57963 0.079167 0.062963
0 0.127083 0.493519 0.1625 0.305556
0 0.071875 0.241667 0.14375 0.112963
0 0.888542 0.17963 0.222917 0.203704
4 0.131771 0.753704 0.086458 0.077778
4 0.232813 0.7 0.063542 0.081481
4 0.142187 0.883333 0.086458 0.096296
4 0.126042 0.950926 0.097917 0.098148
4 0.151562 0.981481 0.080208 0.037037
4 0.279167 0.846296 0.060417 0.103704
4 0.331771 0.969444 0.092708 0.061111
4 0.765104 0.461111 0.057292 0.048148
4 0.731771 0.485185 0.055208 0.059259
4 0.713021 0.50463 0.046875 0.046296
4 0.699479 0.522222 0.053125 0.048148
4 0.675521 0.428704 0.036458 0.038889
5 0.781771 0.308333 0.034375 0.046296
11 0.433333 0.562037 0.052083 0.072222
8 0.39375 0.585185 0.022917 0.066667
10 0.330729 0.728704 0.015625 0.05
10 0.308854 0.737963 0.019792 0.053704
10 0.320312 0.726852 0.017708 0.046296
10 0.339583 0.715741 0.014583 0.05
10 0.348958 0.712963 0.0125 0.048148
10 0.360417 0.708333 0.014583 0.046296
10 0.373958 0.7 0.014583 0.048148
10 0.38125 0.697222 0.016667 0.042593
10 0.390625 0.691667 0.01875 0.046296
10 0.401042 0.681481 0.014583 0.044444
10 0.413021 0.672222 0.015625 0.044444
10 0.419271 0.666667 0.015625 0.051852
10 0.431771 0.661111 0.017708 0.040741
10 0.465625 0.633333 0.016667 0.048148
10 0.453646 0.640741 0.019792 0.040741
10 0.496875 0.606481 0.022917 0.05
10 0.510417 0.600926 0.014583 0.042593
10 0.519792 0.597222 0.016667 0.038889
10 0.532292 0.588889 0.020833 0.037037
10 0.542708 0.57963 0.01875 0.040741
10 0.563021 0.565741 0.021875 0.035185
10 0.578646 0.559259 0.019792 0.033333
10 0.59375 0.549074 0.022917 0.031481
10 0.602083 0.535185 0.014583 0.040741
10 0.616146 0.526852 0.017708 0.038889
10 0.631771 0.518519 0.013542 0.037037
3 0.647917 0.507407 0.01875 0.025926
8 0.758854 0.353704 0.021875 0.040741
1 0.182812 0.75 0.015625 0.044444
1 0.044271 0.776852 0.017708 0.05
1 0.005208 0.340741 0.010417 0.02963
1 0.04375 0.313889 0.010417 0.027778
1 0.052083 0.312963 0.010417 0.022222
7 0.731771 0.415741 0.017708 0.035185
2 0.734896 0.411111 0.007292 0.022222
1 0.85625 0.474074 0.008333 0.037037
1 0.860417 0.483333 0.010417 0.02963
1 0.033333 0.587037 0.0125 0.037037
1 0.026562 0.637037 0.013542 0.037037
1 0.019792 0.660185 0.0125 0.035185
2 0.032292 0.725 0.01875 0.035185
3 0.033333 0.737963 0.0125 0.035185
10 0.084375 0.703704 0.014583 0.048148
10 0.094792 0.698148 0.014583 0.044444
10 0.108854 0.690741 0.015625 0.044444
10 0.119792 0.681481 0.014583 0.048148
1 0.046354 0.684259 0.015625 0.042593
1 0.247917 0.793519 0.010417 0.046296
2 0.244271 0.786111 0.007292 0.024074
0 0.577604 0.463889 0.088542 0.087037
1 0.213542 0.52963 0.0125 0.033333
1 0.2125 0.513889 0.008333 0.027778
10 0.025521 0.384259 0.021875 0.027778
2 0.761458 0.414815 0.00625 0.02963
10 0.761979 0.423148 0.019792 0.02037
1 0.671354 0.477778 0.009375 0.037037
1 0.663542 0.484259 0.008333 0.027778
1 0.833854 0.309259 0.007292 0.033333
1 0.842187 0.312963 0.007292 0.033333
1 0.902604 0.35 0.009375 0.025926
2 0.910417 0.35463 0.00625 0.02037
2 0.905208 0.360185 0.00625 0.016667
1 0.877083 0.30463 0.010417 0.027778
1 0.930208 0.3 0.008333 0.02963
10 0.861979 0.307407 0.015625 0.025926
2 0.863542 0.311111 0.00625 0.018519
8 0.810937 0.327778 0.015625 0.044444
1 0.781771 0.330556 0.007292 0.027778
1 0.916146 0.323148 0.007292 0.027778
10 0.915625 0.327778 0.0125 0.022222
2 0.966667 0.340741 0.008333 0.022222
1 0.984375 0.371296 0.008333 0.031481
0 0.435937 0.839815 0.176042 0.17963
0 0.626042 0.630556 0.127083 0.087037
0 0.559896 0.687037 0.136458 0.092593
0 0.497396 0.74537 0.171875 0.083333
0 0.665625 0.57963 0.079167 0.062963
0 0.127083 0.493519 0.1625 0.305556
0 0.071875 0.241667 0.14375 0.112963
0 0.888542 0.17963 0.222917 0.203704
4 0.131771 0.753704 0.086458 0.077778
4 0.232813 0.7 0.063542 0.081481
4 0.142187 0.883333 0.086458 0.096296
4 0.126042 0.950926 0.097917 0.098148
4 0.151562 0.981481 0.080208 0.037037
4 0.279167 0.846296 0.060417 0.103704
4 0.331771 0.969444 0.092708 0.061111
4 0.765104 0.461111 0.057292 0.048148
4 0.731771 0.485185 0.055208 0.059259
4 0.713021 0.50463 0.046875 0.046296
4 0.699479 0.522222 0.053125 0.048148
4 0.675521 0.428704 0.036458 0.038889
5 0.781771 0.308333 0.034375 0.046296
11 0.433333 0.562037 0.052083 0.072222
8 0.39375 0.585185 0.022917 0.066667
10 0.330729 0.728704 0.015625 0.05
10 0.308854 0.737963 0.019792 0.053704
10 0.320312 0.726852 0.017708 0.046296
10 0.339583 0.715741 0.014583 0.05
10 0.348958 0.712963 0.0125 0.048148
10 0.360417 0.708333 0.014583 0.046296
10 0.373958 0.7 0.014583 0.048148
10 0.38125 0.697222 0.016667 0.042593
10 0.390625 0.691667 0.01875 0.046296
10 0.401042 0.681481 0.014583 0.044444
10 0.413021 0.672222 0.015625 0.044444
10 0.419271 0.666667 0.015625 0.051852
10 0.431771 0.661111 0.017708 0.040741
10 0.465625 0.633333 0.016667 0.048148
10 0.453646 0.640741 0.019792 0.040741
10 0.496875 0.606481 0.022917 0.05
10 0.510417 0.600926 0.014583 0.042593
10 0.519792 0.597222 0.016667 0.038889
10 0.532292 0.588889 0.020833 0.037037
10 0.542708 0.57963 0.01875 0.040741
10 0.563021 0.565741 0.021875 0.035185
10 0.578646 0.559259 0.019792 0.033333
10 0.59375 0.549074 0.022917 0.031481
10 0.602083 0.535185 0.014583 0.040741
10 0.616146 0.526852 0.017708 0.038889
10 0.631771 0.518519 0.013542 0.037037
3 0.647917 0.507407 0.01875 0.025926
8 0.758854 0.353704 0.021875 0.040741
1 0.182812 0.75 0.015625 0.044444
1 0.044271 0.776852 0.017708 0.05
1 0.005208 0.340741 0.010417 0.02963
1 0.04375 0.313889 0.010417 0.027778
1 0.052083 0.312963 0.010417 0.022222
7 0.731771 0.415741 0.017708 0.035185
2 0.734896 0.411111 0.007292 0.022222
1 0.85625 0.474074 0.008333 0.037037
1 0.860417 0.483333 0.010417 0.02963
1 0.033333 0.587037 0.0125 0.037037
1 0.026562 0.637037 0.013542 0.037037
1 0.019792 0.660185 0.0125 0.035185
2 0.032292 0.725 0.01875 0.035185
3 0.033333 0.737963 0.0125 0.035185
10 0.084375 0.703704 0.014583 0.048148
10 0.094792 0.698148 0.014583 0.044444
10 0.108854 0.690741 0.015625 0.044444
10 0.119792 0.681481 0.014583 0.048148
1 0.046354 0.684259 0.015625 0.042593
1 0.247917 0.793519 0.010417 0.046296
2 0.244271 0.786111 0.007292 0.024074
0 0.577604 0.463889 0.088542 0.087037
1 0.213542 0.52963 0.0125 0.033333
1 0.2125 0.513889 0.008333 0.027778
10 0.025521 0.384259 0.021875 0.027778
2 0.761458 0.414815 0.00625 0.02963
10 0.761979 0.423148 0.019792 0.02037
1 0.671354 0.477778 0.009375 0.037037
1 0.663542 0.484259 0.008333 0.027778
1 0.833854 0.309259 0.007292 0.033333
1 0.842187 0.312963 0.007292 0.033333
1 0.902604 0.35 0.009375 0.025926
2 0.910417 0.35463 0.00625 0.02037
2 0.905208 0.360185 0.00625 0.016667
1 0.877083 0.30463 0.010417 0.027778
1 0.930208 0.3 0.008333 0.02963
10 0.861979 0.307407 0.015625 0.025926
2 0.863542 0.311111 0.00625 0.018519
8 0.810937 0.327778 0.015625 0.044444
1 0.781771 0.330556 0.007292 0.027778
1 0.916146 0.323148 0.007292 0.027778
10 0.915625 0.327778 0.0125 0.022222
2 0.966667 0.340741 0.008333 0.022222
1 0.984375 0.371296 0.008333 0.031481
